500 1234
172
151
203
201
299
204
253
202
92
97
90
140
248
226
109
233
298
288
220
227
54
199
103
230
96
115
53
186
101
108
184
164
113
73
102
105
81
198
235
57
256
170
75
232
208
221
148
261
279
125
81
60
151
82
299
115
228
208
299
236
198
189
59
90
198
168
85
137
269
191
58
266
162
102
119
176
230
288
269
62
238
135
212
136
233
152
135
285
160
188
59
169
287
63
240
234
143
79
123
164
101
210
178
141
128
74
145
135
186
75
208
234
71
274
144
98
253
106
235
99
189
243
229
195
250
98
86
289
165
118
148
224
176
152
136
109
72
98
258
268
61
262
126
148
267
139
232
198
75
76
85
216
275
164
164
91
208
79
215
261
269
198
145
225
169
239
91
108
52
167
234
211
118
277
133
75
90
100
209
128
282
237
288
216
206
184
156
175
67
102
263
60
173
247
280
152
89
144
220
173
106
169
264
138
211
288
173
140
73
116
69
266
252
243
281
73
138
84
120
59
226
240
200
235
208
204
153
278
85
155
61
86
148
95
78
192
73
248
278
208
87
76
297
153
279
172
164
179
218
99
157
226
199
177
246
299
269
75
192
299
195
80
226
227
251
257
282
288
106
272
291
190
61
200
58
250
58
72
110
262
225
179
153
104
118
61
99
116
109
236
139
234
200
197
243
190
62
157
144
186
151
291
216
293
180
249
76
67
204
280
75
203
254
235
128
129
112
75
80
104
258
218
159
106
140
190
81
231
207
273
281
225
147
258
123
251
217
265
186
100
109
262
150
56
279
68
101
243
282
180
108
222
113
120
53
242
119
242
179
119
66
258
110
100
57
124
227
84
145
66
243
119
117
94
188
75
77
241
82
204
131
133
195
298
91
297
50
51
225
140
192
208
89
250
264
250
142
130
113
196
98
107
191
167
293
212
251
129
73
168
217
138
182
72
275
227
159
219
63
81
194
176
277
260
168
50
77
184
228
219
127
267
224
82
179
81
288
52
214
125
220
229
178
223
79
86
242
269
62
137
123
110
139
74
170
290
164
137
219
216
147
238
289
278
167
111
230
182
86
110
148
115
85
148
119
70
235
62
282
114
193
256
71
90
135
100
53
142
218
51
228
242
64
125
282
223
84
135
293
273