600
4 95 116
1 62 104
16 17 21
13 46 91
5 86 102
10 46 34
11 3 88
20 68 21
8 14 18
14 65 44
16 66 74
1 78 123
5 95 87
6 18 32
19 7 108
11 65 58
20 50 45
17 40 19
5 79 41
7 23 31
9 80 121
10 16 68
12 30 27
8 31 97
5 74 37
16 85 91
5 94 96
1 58 58
4 53 40
15 39 58
16 68 64
18 22 17
12 49 25
6 48 65
9 86 48
20 26 80
11 5 106
4 70 109
15 40 22
9 78 127
11 42 31
9 20 120
2 18 56
15 76 49
19 69 49
20 27 59
11 6 45
10 88 82
1 82 126
16 62 53
9 6 98
6 11 95
20 45 53
17 75 76
2 23 102
12 79 33
9 57 44
17 25 107
15 82 25
15 85 67
2 67 73
12 26 96
16 94 29
5 60 61
10 57 65
7 42 28
9 17 115
7 94 40
17 63 73
14 54 31
18 80 41
1 41 65
14 94 64
5 65 28
9 46 127
18 24 75
8 95 130
13 66 52
14 25 35
1 57 27
14 50 111
7 61 30
17 10 30
9 9 106
10 96 101
1 62 24
4 14 100
13 90 61
5 66 20
7 49 128
17 9 89
8 86 41
16 36 81
6 55 89
7 34 110
1 80 75
8 19 25
13 100 86
18 54 130
13 55 118
7 22 124
14 27 19
4 56 98
8 88 75
16 80 30
17 19 84
4 24 64
10 11 61
19 68 27
9 3 49
1 16 114
2 60 125
19 99 26
5 59 72
14 82 41
18 84 46
18 22 26
10 72 57
2 55 16
1 72 46
5 86 71
2 47 117
16 48 108
12 44 97
9 48 98
14 76 20
7 9 130
8 23 111
10 14 121
17 93 59
1 44 104
7 94 125
13 21 46
2 31 107
20 51 42
4 4 44
8 31 69
10 21 44
13 68 100
2 63 72
7 59 80
20 60 65
4 96 48
8 39 63
19 62 21
19 88 109
20 59 97
5 15 32
16 62 69
14 46 96
15 9 34
9 41 44
10 13 64
1 29 99
4 68 87
15 9 49
2 41 116
4 43 52
9 4 49
6 2 58
17 75 87
11 14 58
13 20 93
9 21 81
18 8 119
15 72 18
16 26 77
19 62 36
19 28 115
15 79 46
9 20 96
7 18 122
17 74 97
13 53 72
10 2 59
17 45 100
20 95 24
18 99 119
18 17 84
15 44 23
2 44 108
20 45 70
7 50 17
1 63 68
17 34 25
17 6 126
4 86 21
11 11 38
9 26 58
14 76 92
8 7 28
20 61 17
4 62 42
1 21 126
6 82 43
3 59 53
19 4 101
6 52 103
18 79 111
5 46 70
11 49 89
12 69 47
12 29 122
2 11 37
18 58 28
9 11 37
12 98 34
5 16 44
14 77 104
7 44 87
2 57 100
5 51 108
16 24 32
14 37 67
16 94 113
10 54 116
4 40 95
1 28 36
20 43 112
2 9 53
20 100 43
16 8 59
8 61 124
5 10 67
14 12 83
11 25 99
2 14 65
2 73 96
18 75 44
9 32 18
5 94 112
16 34 113
15 67 38
6 91 85
12 70 68
19 91 101
4 86 29
5 47 36
6 24 67
14 75 126
10 75 90
13 68 67
18 4 60
14 93 72
4 91 61
13 2 72
14 53 87
20 83 39
6 19 64
9 48 56
13 33 93
2 2 100
10 29 54
12 72 32
16 51 25
1 11 43
17 19 98
5 47 54
11 74 51
13 65 72
19 17 112
10 66 73
1 54 95
7 56 116
6 60 45
1 20 20
9 29 96
11 33 71
12 31 107
10 86 98
3 51 51
6 47 23
14 15 29
9 80 55
3 31 99
8 21 80
2 81 88
19 85 55
4 78 28
13 48 103
7 45 35
1 21 19
7 52 56
15 45 42
10 80 89
7 53 67
13 8 125
17 2 80
7 28 98
1 6 81
1 38 32
3 55 100
4 71 77
4 48 36
5 36 54
11 11 54
10 75 63
8 8 127
4 97 15
16 89 101
12 37 119
13 85 127
7 83 91
17 81 25
11 49 85
13 46 42
4 12 22
20 80 25
5 53 124
8 87 26
1 31 23
9 95 72
19 43 91
6 8 120
1 80 35
5 62 48
6 62 21
2 36 119
5 45 85
10 47 52
3 22 37
10 57 96
3 72 53
5 77 45
7 52 60
3 95 80
3 5 103
20 81 22
16 54 69
6 66 80
7 87 110
10 25 19
18 32 91
14 51 126
19 26 56
13 63 50
17 9 125
13 51 105
15 27 79
4 98 39
8 63 20
14 41 60
11 2 116
9 76 74
5 5 80
2 58 81
7 13 101
18 28 128
15 37 34
4 45 37
11 35 81
9 75 18
1 74 67
15 88 43
8 48 47
16 44 41
9 18 91
7 96 103
9 47 46
12 54 129
1 21 52
14 86 79
6 44 110
19 91 43
9 2 72
16 44 33
13 85 53
5 2 99
13 44 80
8 85 67
14 35 39
10 53 92
1 4 58
15 10 27
11 93 114
11 34 84
15 12 27
18 97 26
16 13 108
7 43 63
4 79 56
11 26 71
1 61 118
13 69 94
4 92 55
19 32 65
14 88 49
1 93 28
3 85 16
15 80 20
8 60 49
8 3 119
11 22 82
19 94 62
6 91 103
6 60 53
20 39 43
3 39 43
1 96 24
2 17 100
7 73 117
11 9 90
3 3 91
5 73 25
19 46 95
13 12 84
16 97 90
11 31 66
6 75 39
19 65 49
5 55 63
13 55 128
12 67 26
19 35 52
20 40 106
10 36 47
1 70 84
7 6 127
16 79 52
13 58 42
1 44 101
13 48 130
4 32 16
3 36 63
10 54 57
16 6 70
3 60 86
12 68 108
8 76 39
8 39 45
15 28 68
14 86 35
11 21 50
1 4 98
3 45 70
15 77 39
12 25 81
12 35 109
7 5 68
7 17 88
6 72 66
17 29 110
20 16 87
2 26 22
16 14 67
8 38 97
15 82 82
13 83 50
19 95 48
5 78 24
6 40 28
17 48 58
16 66 93
19 21 59
13 67 39
1 95 34
2 16 117
17 16 38
13 39 75
4 81 109
12 66 62
4 86 73
12 36 65
12 45 117
7 28 122
20 78 15
7 18 23
18 66 38
10 23 93
19 13 75
13 84 74
2 70 78
16 70 41
16 58 86
20 31 112
16 70 21
3 27 125
8 94 31
5 9 73
17 51 74
11 51 112
2 44 18
7 75 88
4 43 109
1 48 67
11 13 118
19 50 65
4 87 61
4 61 128
10 39 73
14 90 83
12 35 61
19 63 78
5 41 104
16 2 25
10 44 37
12 78 36
17 32 31
7 70 91
13 56 20
17 84 54
5 17 66
11 81 62
14 49 44
14 51 69
6 91 93
8 74 105
8 1 24
7 2 117
20 69 83
6 22 55
16 43 60
16 27 19
12 70 55
7 62 20
8 37 113
11 59 121
14 93 105
9 17 127
2 24 95
13 11 65
16 79 30
8 100 81
20 59 79
9 38 130
1 100 116
13 68 50
9 82 62
17 8 48
3 55 101
5 37 130
1 68 60
14 82 60
6 59 113
16 99 108
2 92 98
15 48 24
14 5 66
8 78 129
1 72 72
3 50 47
9 44 32
18 28 88
1 70 59
10 43 59
15 48 52
9 22 104
14 67 19
17 72 79
8 93 84
19 63 22
16 15 105
3 77 72
1 14 111
18 82 81
17 50 19
7 96 86
3 85 62
7 16 83
15 29 93
4 12 58
2 87 101
15 86 88
4 61 75
19 55 35
3 30 71
8 12 116
15 53 25
14 13 44
4 65 57
18 44 92
1 13 59
9 64 128
17 96 101
3 44 73
17 57 52
9 31 88
13 64 51
20 93 101
13 16 108
14 91 15
3 19 37
14 74 16
9 64 26
3 43 17
17 32 59
15 95 93
6 13 85
17 39 44
6 23 42
6 47 130
13 93 61
19 59 113
19 84 104
8 33 87
16 93 126
20 81 96
15 78 129
2 31 83
15 18 22
